cgname Estimate.SY Std.SY P.SY Estimate.SG Std.SG P.SG
"cg26928153" 0.189638412289429 0.322211297341574 0.556161198284575 0.570272001756663 0.384570751980407 0.138106486044389
"cg16269199" 0.486105443256012 0.270782681171903 0.0726239732400103 0.149065070444378 0.303065299156128 0.622819781215016
"cg13869341" -0.428583644977736 0.322973682600152 0.184511173402599 0.476188306915631 0.3314776022546 0.150842333467817
"cg24669183" 0.141351421521287 0.263173973080378 0.591196754591189 -0.257939945078093 0.265141457953596 0.330633336872246
"cg26679879" -0.22480301425661 0.183333056651966 0.220123379873383 0.221657977169698 0.206181682142665 0.282347219468989
"cg22519184" -0.738093449786104 0.352757590233038 0.0364069378009012 0.113569193191336 0.344554150742763 0.741693131271757
"cg15560884" 0.471025599485369 0.765216780584562 0.538194656849868 0.529743092730118 0.7698234178051 0.491367235850824
"cg01014490" 0.0283400481938005 0.102352356904181 0.781866791355894 0.113923971927274 0.118976642892935 0.338298679352898
"cg10692041" 0.0571121906492595 0.217233136584211 0.792621982632651 -0.00507323852092564 0.271819659527683 0.985109157666236
"cg09961319" 0.156880615773406 0.200382969175141 0.433683524531304 0.314760790529113 0.216857002134064 0.146649854334341
"cg02339369" 0.339066899509548 0.20383085570884 0.0962180124468402 0.110880096731834 0.233673424405533 0.635137122559549
"cg17505339" 0.259798266768441 0.388452304431723 0.503620823965181 -0.0990179451685387 0.417325407626753 0.812448922172649
"cg09499020" 0.0815661463985765 0.319414075729188 0.798443688837277 0.0133306745992975 0.290600293723817 0.963411564012461
"cg16535257" -0.264225674526552 0.370790277074679 0.476092438560102 0.226814334623895 0.366392382577005 0.535884984477914
"cg15979415" -2.76429406992098 1.03176031665038 0.00737979090665096 0.643642741761418 1.17161985135171 0.582757446682154
"cg11954957" 0.22055574833784 0.277254627954781 0.426323357325333 0.130972009133057 0.3329965526895 0.694088016132934
"cg04747364" -0.19547502038009 0.391128882932088 0.617236067163529 -0.0412148870475383 0.446004494267608 0.926372986212148
"cg26304905" 0.229287994058363 0.381989282254146 0.54834150678637 0.0763176691128277 0.470283682265418 0.871085308087161
"cg20434134" -0.621310405946094 0.3258195075394 0.056531476284844 0.550455137687302 0.371815850274351 0.13875293512014
